/home/arya/workspace/bio/Scan/selscan/bin/linux/norm --ihs --files /pedigree2/projects/HA_selection2/1000GP/hg19/POP/AFR/chr4.ihs.out 


Total loci: 619744
bin	num	mean	variance
0.01	0	-nan	-nan
0.02	0	-nan	-nan
0.03	0	-nan	-nan
0.04	0	-nan	-nan
0.05	0	-nan	-nan
0.06	45477	2.59566	0.827354
0.07	37458	2.49848	0.793015
0.08	32070	2.38527	0.771767
0.09	26645	2.28528	0.778902
0.1	26954	2.16924	0.78102
0.11	21748	2.09518	0.751797
0.12	19362	2.02361	0.748091
0.13	17714	1.94029	0.770587
0.14	17531	1.81659	0.766222
0.15	14496	1.77241	0.710482
0.16	13612	1.70365	0.68849
0.17	13273	1.62816	0.738462
0.18	12099	1.59681	0.73693
0.19	11862	1.49024	0.746559
0.2	10551	1.46365	0.70454
0.21	9796	1.34484	0.887157
0.22	8855	1.35199	0.733773
0.23	9656	1.27823	0.780641
0.24	7882	1.2274	0.689046
0.25	7826	1.17372	0.805284
0.26	7539	1.0842	0.709122
0.27	7372	1.06043	0.661565
0.28	8032	0.914383	0.705194
0.29	6314	1.01179	0.682531
0.3	5915	0.945482	0.647926
0.31	5672	0.898818	0.723906
0.32	5842	0.769458	0.664875
0.33	5614	0.772897	0.704779
0.34	5150	0.716778	0.726063
0.35	5394	0.594943	0.828934
0.36	5020	0.605467	0.7553
0.37	5319	0.556312	0.876441
0.38	5283	0.347744	1.06546
0.39	4554	0.465059	0.675239
0.4	4532	0.357909	0.771001
0.41	4828	0.350389	0.749886
0.42	4174	0.337697	0.707315
0.43	4129	0.237207	0.79187
0.44	4540	0.049081	1.69488
0.45	3913	0.177215	0.793931
0.46	4065	0.104393	0.733637
0.47	4126	0.0837613	0.692077
0.48	3969	-0.0226717	0.730447
0.49	3397	0.0465075	0.677808
0.5	3580	-0.0683242	0.708955
0.51	3919	-0.112564	0.731752
0.52	3493	-0.188148	0.792984
0.53	3381	-0.173605	0.724709
0.54	3556	-0.313325	0.821848
0.55	3439	-0.373781	0.69913
0.56	3119	-0.350447	0.740174
0.57	3238	-0.49107	0.839571
0.58	3013	-0.516107	0.909909
0.59	2971	-0.464265	0.787685
0.6	3170	-0.516098	0.782684
0.61	2977	-0.566406	0.867997
0.62	2708	-0.605894	0.730251
0.63	2565	-0.623984	0.726743
0.64	3128	-0.761943	0.833375
0.65	2638	-0.805011	0.802737
0.66	3075	-0.849157	0.666987
0.67	2818	-0.893883	0.718341
0.68	2656	-0.897056	0.750686
0.69	2926	-1.05295	0.745883
0.7	2700	-1.01857	0.948064
0.71	3104	-1.05937	0.6893
0.72	2992	-1.16791	0.75461
0.73	2949	-1.17614	0.721488
0.74	2816	-1.30979	0.865829
0.75	2598	-1.30482	0.760347
0.76	2381	-1.32455	0.70439
0.77	2456	-1.41131	0.681375
0.78	2840	-1.47714	0.801037
0.79	2380	-1.56758	0.782562
0.8	2821	-1.75511	0.87269
0.81	2244	-1.62355	0.765268
0.82	2665	-1.66167	0.691328
0.83	2521	-1.80365	0.76926
0.84	2279	-1.74034	0.8377
0.85	2675	-1.92166	0.855304
0.86	2487	-1.95663	0.872259
0.87	3060	-1.92961	0.74327
0.88	2616	-2.03935	0.797939
0.89	2400	-2.02561	0.74286
0.9	2212	-2.19923	0.886167
0.91	2553	-2.1858	0.944597
0.92	2738	-2.17227	0.885722
0.93	2352	-2.34398	0.803894
0.94	2528	-2.44339	0.834656
0.95	2447	-2.61266	0.860869
0.96	0	-nan	-nan
0.97	0	-nan	-nan
0.98	0	-nan	-nan
0.99	0	-nan	-nan
1	0	-nan	-nan
